"","D29668_01-AV967","D29669_02-AV968","D29670_03-AV971","D29671_04-AV972","D29672_05-AV974","D29673_06-AV996","D29675_08-AV583","D29676_09-AV584","D29677_10-AV587","D29678_11-AV588","D29679_12-AV596","D29680_13-AV597","D29683_16-AV816","D29684_17-AV817","D29685_18-AV863","D29686_19-AV864","D29691_24-AV580","D29692_25-AV608","D29699_32-AV572","D29700_33-AV586","D29701_34-AV589","D29702_35-AV590","D29703_36-AV591","D29704_37-AV598","D29707_40-AV521","D29708_41-AV527","D29709_42-AV541","D29710_43-AV542","D29711_44-AV543","D29712_45-AV571","D29715_48-AV551T","D29716_49-AV555T","D29717_50-AV555TA","D29718_51-AV612T","D29719_52-AV612TA","D29720_53-AV650T","D29721_54-AV650TA","D29722_55-AV717T","D29723_56-AV718T","D29733_66-AV604T","D29734_67-AV770T","D29735_68-AV791T","D29736_69-AV782.2T","D29737_70-AV794T","D29738_71-AV604TA","D29739_72-AV770TA","D29740_73-AV791TA","D29741_74-AV782.2TA","D29742_75-AV794TA","D29743_76-AV833T","D29746_79-AV567","D29747_80-AV568","D29748_81-AV570","D29749_82-AV579","D29750_83-AV814","D29751_84-AV803","D29752_85-AV865","D29753_86-AV866","D29758_91-AV609","D29759_92-AV610","D29760_93-AV611","D29761_94-AV802"
"D29668_01-AV967",0,0.35152140576077,0.499761493762046,0.409559810084379,0.361635739509034,0.476985628461134,0.493985536763151,0.422931504641435,0.415534226752617,0.455438475258199,0.47639604995838,0.495910617988371,0.447343343153141,0.41946687167419,0.465367597825928,0.468642592720662,0.532497484109444,0.50680748843198,0.531542193586891,0.546229150616415,0.524657649437915,0.522096275705897,0.521559445647153,0.492030429976821,0.492390159037381,0.452744184201006,0.476684896131855,0.469840516043815,0.462544227892298,0.488531461805951,0.576375511726436,0.642689314721887,0.549946381900999,0.658443298829169,0.592309656005771,0.500242258080188,0.455846042068819,0.561418289075908,0.615945418992582,0.586344607325674,0.477149331399759,0.433581948206852,0.467465905651843,0.396272956988051,0.572768277484121,0.425254592505677,0.42360216948231,0.47353047544054,0.401522130632053,0.50414572704102,0.535853663579987,0.481336171227974,0.51653523630276,0.522267143978306,0.488694676283597,0.471801149235428,0.487953497536474,0.462421753213227,0.54174245150641,0.533552681922153,0.505568488864592,0.535914515627866
"D29669_02-AV968",0.35152140576077,0,0.402094055202703,0.428586495345552,0.319205140958495,0.451452253093688,0.510399902414595,0.445655225265715,0.410167553645928,0.448422842129435,0.470851119429593,0.528514290826946,0.400535153718987,0.416691042784069,0.432646370826044,0.499085881087884,0.503181499299171,0.4953325167449,0.518731524813741,0.556973617879375,0.522780344564329,0.484617737719981,0.496794692884053,0.489118503228608,0.512226585685773,0.472857201385377,0.490771431222162,0.448715185654065,0.485081484043053,0.48732436697371,0.583064843977356,0.63272931475433,0.544644793257436,0.676666232082967,0.595705609565422,0.546156914178705,0.482273441915241,0.529380756434331,0.622166174287078,0.597664496111983,0.506349556905367,0.491768935655707,0.48870970934558,0.391072700663805,0.590778922240189,0.491269154468734,0.485416719597658,0.496171078157383,0.408228565177443,0.528147805964368,0.527418748992745,0.483356803622982,0.5385692955355,0.478534862982276,0.418672222884693,0.439686139104923,0.511715651188496,0.450271650580423,0.537054708246975,0.523718616229608,0.489240631463219,0.538081978854066
"D29670_03-AV971",0.499761493762046,0.402094055202703,0,0.482940565987382,0.395273137247868,0.487431182691128,0.598377808638914,0.547150104779926,0.49223941226253,0.532051520431708,0.543462590220635,0.591460937146116,0.513629330543488,0.542508316295477,0.520649450930762,0.576165559103358,0.552008331941891,0.532555868110382,0.587641155067634,0.620324878655588,0.588394884865879,0.526751610453562,0.579305988179286,0.57688107594546,0.61108825660134,0.553985755867246,0.567078967848231,0.532526651217978,0.5525826786203,0.55854790778402,0.621778495002825,0.64391015421647,0.571202303147426,0.684657609420022,0.638443834720953,0.601878669530282,0.54664224055197,0.51788010946975,0.634700592095349,0.637026964245231,0.60412769350703,0.593907921226936,0.592482495131748,0.539104290833197,0.629014748618857,0.57750457081212,0.576997942522037,0.595317488311008,0.53892807394275,0.546631647407609,0.599584597550266,0.555419910474171,0.616763536612843,0.500813870109844,0.523495397754866,0.526596937751775,0.563088322790754,0.54418608377912,0.573885208333865,0.580457889545224,0.540096968196306,0.610888050141637
"D29671_04-AV972",0.409559810084379,0.428586495345552,0.482940565987382,0,0.37555546281704,0.483105492745665,0.531236542485687,0.403292773948891,0.332113201445214,0.377683356832008,0.411541286735321,0.431389992506681,0.490994166005549,0.43125461434008,0.495124896607566,0.448630800199673,0.535935524306223,0.507130664291388,0.457875035359249,0.470143221476955,0.463733314774113,0.455882902080994,0.519577571205159,0.467621105750904,0.442979364201385,0.402439521016223,0.351933155238041,0.435064610912698,0.392724545377635,0.422881578139376,0.545060965923994,0.594671218609656,0.489043228839567,0.55788173061966,0.473348014892172,0.428620996944415,0.394036520602166,0.480830989452987,0.590214191172306,0.497132076688055,0.399838956648817,0.439399807117732,0.37432990738032,0.43027289456651,0.48280707966903,0.387009378133323,0.426178455971978,0.363023682951212,0.451196547679876,0.419949537630956,0.450186753808574,0.396312682319993,0.460783673403826,0.519670125305342,0.477600896609075,0.397720985762321,0.404534757447538,0.444437497257808,0.505678039019149,0.446194874461733,0.442652179861012,0.426556715527699
"D29672_05-AV974",0.361635739509034,0.319205140958495,0.395273137247868,0.37555546281704,0,0.397916835062105,0.500459433272174,0.42270543402782,0.421412519419265,0.427348617751267,0.445446410227632,0.518122539667564,0.421392626290908,0.428906318600069,0.430254163828926,0.492546541594363,0.479556582798723,0.479932389065141,0.503578839137204,0.5379103611184,0.500043271651855,0.473302081120078,0.486935024495187,0.453118214041913,0.511203730821495,0.455228995960735,0.487781957515743,0.449844381132551,0.457926530076407,0.469874218352256,0.587002400183755,0.626098336505471,0.546120260961235,0.646911163861082,0.580548901544969,0.517470952245811,0.455817191535749,0.495032788025475,0.634634505148693,0.590306987023197,0.504351640044308,0.506272060270228,0.498069147669085,0.426888398067525,0.57360324321957,0.468021195344308,0.488366025805071,0.495934031577863,0.408091624101781,0.496267950071874,0.510944619074499,0.464400720178563,0.553365722766482,0.454850336511322,0.450795628290643,0.420573332814549,0.490091102008132,0.437139282606549,0.508841864879089,0.480810270327445,0.444243471527026,0.503607989901801
"D29673_06-AV996",0.476985628461134,0.451452253093688,0.487431182691128,0.483105492745665,0.397916835062105,0,0.554982066161255,0.50057922147683,0.520918093834189,0.520562693194302,0.50986339145406,0.629467502702276,0.452005762200407,0.479562477616846,0.459186625851599,0.54265159505961,0.45158211678634,0.494899873632074,0.536804718182694,0.571157520731508,0.5390900397015,0.52853588648929,0.484794294423495,0.519639066829297,0.576829906848102,0.550830909860461,0.582683108061645,0.470525365788127,0.545158518110663,0.524426777955197,0.656777855307306,0.695503042349347,0.611215230692601,0.729686775738609,0.664150322921739,0.614517868091846,0.532445553499418,0.529469521183015,0.683069981753607,0.695771068778809,0.566894446536608,0.594093452813826,0.580332010901477,0.514712577978457,0.694112688065807,0.590291308471606,0.589511237007971,0.557115277496828,0.482854398152849,0.613062092223478,0.557164318546566,0.524076121837243,0.605491621912769,0.434777658259342,0.469300837487457,0.485846192329983,0.582669479422284,0.488975374288075,0.563782020587925,0.549519308552529,0.490401711278577,0.590109315808546
"D29675_08-AV583",0.493985536763151,0.510399902414595,0.598377808638914,0.531236542485687,0.500459433272174,0.554982066161255,0,0.438878096459614,0.460351283250617,0.467528920706668,0.47368953928301,0.52771617933194,0.53133909397774,0.500998897069369,0.503844310667473,0.503949651069614,0.510913168957283,0.521236431809953,0.508658580007539,0.542025286996969,0.522997605034315,0.559699670533421,0.514668120038302,0.46273898338027,0.491514011807553,0.475511208432508,0.516388431178915,0.482704039273235,0.500679918864139,0.498084648796638,0.605681528551836,0.645838952257059,0.601406264000933,0.663417799208199,0.602118528743466,0.563345335492717,0.528307272057517,0.577130793235261,0.705126749178165,0.627385863400564,0.520380629356937,0.527671118429533,0.532157953999627,0.531766882596931,0.605135267029572,0.517064859146765,0.526629947489055,0.53264386691899,0.511843944186104,0.576003056128026,0.503230680972513,0.471334040234258,0.535972081155471,0.488858501691224,0.536927790587906,0.514863634310477,0.537876275241757,0.476127838744026,0.487869254291467,0.509611555723905,0.519367043148866,0.550277930994749
"D29676_09-AV584",0.422931504641435,0.445655225265715,0.547150104779926,0.403292773948891,0.42270543402782,0.50057922147683,0.438878096459614,0,0.32882582844195,0.343739708240229,0.359220191854865,0.439507324868977,0.455048730316552,0.409319817463478,0.427896328811344,0.380752340414354,0.442012746158232,0.45025815559484,0.428729754379669,0.454776291003233,0.411891345796867,0.428881076043654,0.434063583703685,0.391196894952835,0.394065956029795,0.357283613190257,0.406333298107417,0.382740220763132,0.395433535412183,0.376391252966803,0.547546139156499,0.626851325748818,0.519046742839676,0.63808866644083,0.551285065041461,0.484041611118622,0.44843985362649,0.548610486134905,0.648552805113172,0.577718460987905,0.412249727884809,0.447682544365996,0.426693714874566,0.42226795660403,0.558829906926212,0.404635608959744,0.43169845619625,0.424736632980729,0.418276954169252,0.478546362331057,0.401065345803731,0.356647453483767,0.422477139026939,0.434609116374758,0.453674667300512,0.395619405754548,0.405832967655112,0.38742177650491,0.423197346631871,0.386299302726422,0.388988248077418,0.438667028162043
"D29677_10-AV587",0.415534226752617,0.410167553645928,0.49223941226253,0.332113201445214,0.421412519419265,0.520918093834189,0.460351283250617,0.32882582844195,0,0.303682850452739,0.348396228953379,0.363825579160175,0.462343173029197,0.446467785497508,0.461054844485762,0.406883023847694,0.485216136639966,0.45691604209944,0.39037183833135,0.431469746996944,0.428507685804259,0.404327987776698,0.45571929463905,0.411381867626033,0.367606284288998,0.319110034861046,0.336138478076625,0.354152439097368,0.331202767316688,0.356701282195149,0.530741244368037,0.589743325280573,0.48281599424737,0.582704799852222,0.510380616359362,0.440453448630693,0.41297413149714,0.498503844894109,0.595865746121398,0.509541866157243,0.398863764313741,0.431210072199974,0.398566933260024,0.406871946183846,0.494463901194124,0.383516338895952,0.416504226854388,0.388305879840125,0.43492468812051,0.437651098595816,0.3790692437226,0.33527070827835,0.406038125372149,0.465067945451985,0.442753861859892,0.348876777668709,0.367998054359998,0.424135818361903,0.440013836250493,0.412564196114731,0.388143247013811,0.411076582493616
"D29678_11-AV588",0.455438475258199,0.448422842129435,0.532051520431708,0.377683356832008,0.427348617751267,0.520562693194302,0.467528920706668,0.343739708240229,0.303682850452739,0,0.285723351500302,0.407388505965608,0.490596260084909,0.401910801459808,0.457682156817912,0.43462368846852,0.457936721093488,0.463248686825818,0.410838582435087,0.433525869812273,0.420897767563354,0.40943230024093,0.454515233809733,0.405604226242457,0.398262042528634,0.353391621995163,0.33831131981347,0.362517882301521,0.360632933122618,0.355005591043176,0.534771487658756,0.574336785204581,0.479691548035925,0.598624369820234,0.524543372397015,0.440315781923829,0.419355521754668,0.503503594501374,0.621673194677242,0.52094367048315,0.405973261545511,0.45795204933607,0.407702502907158,0.421802553018493,0.508626745435415,0.38698750585809,0.442144617527088,0.394950438628924,0.411813792456029,0.431128728417554,0.377534937948943,0.329246303612199,0.435023494288257,0.452722081023055,0.448109715231041,0.353603109786334,0.374308688751735,0.410095691920999,0.423954404343041,0.387901108936003,0.378233627060643,0.419693553108695
"D29679_12-AV596",0.47639604995838,0.470851119429593,0.543462590220635,0.411541286735321,0.445446410227632,0.50986339145406,0.47368953928301,0.359220191854865,0.348396228953379,0.285723351500302,0,0.38562453844529,0.47119922790658,0.447676330778823,0.470998099981027,0.464980272748056,0.444434960111203,0.467480705711372,0.418619212306153,0.417592965662934,0.398482239636742,0.391564645466078,0.454140160239416,0.390041964001903,0.393013263238568,0.354240084883614,0.34168071943651,0.336266780853191,0.372272895940307,0.361524173759363,0.542251255863983,0.595320118230745,0.484638241212031,0.588734055866933,0.502033783385802,0.464570456729894,0.429979823145482,0.50033971367835,0.638822852122579,0.554579007635145,0.425379039541413,0.480872653705705,0.400187845557692,0.45585605162981,0.538726939931743,0.416413555322904,0.461981938281382,0.386685761219729,0.426447547048255,0.452474268071907,0.392205966557804,0.324763943436402,0.441630119486004,0.430645407195026,0.441965015275735,0.348473866984608,0.428165471333545,0.430629970160641,0.424135194498557,0.386104206453972,0.377170650601354,0.418379108771873
"D29680_13-AV597",0.495910617988371,0.528514290826946,0.591460937146116,0.431389992506681,0.518122539667564,0.629467502702276,0.52771617933194,0.439507324868977,0.363825579160175,0.407388505965608,0.38562453844529,0,0.594453077440156,0.531916669678375,0.599047034061327,0.505086916636488,0.590230786589287,0.57782801582936,0.467129665951875,0.465750022076014,0.511889139486116,0.52289868525677,0.584543633757876,0.508577117879558,0.360524612687188,0.365133671822271,0.352427224254459,0.506382038311243,0.391870553926802,0.459634345351401,0.541052426693103,0.572959670101343,0.503918499073463,0.489889019724129,0.419291090624857,0.371471074849785,0.46279929787147,0.577315376202761,0.602316192737628,0.401632291429299,0.385767908377668,0.391272517901378,0.379280065017525,0.465425913154287,0.367888361494674,0.349317172717707,0.38763279255325,0.407412635019818,0.495843523422281,0.370349401551182,0.435750458412773,0.451813365914324,0.454699277226145,0.595520440710614,0.583163080114708,0.479230256398228,0.439766850622193,0.533241156160841,0.484461212038108,0.454670383959517,0.492012888528192,0.396262795522981
"D29683_16-AV816",0.447343343153141,0.400535153718987,0.513629330543488,0.490994166005549,0.421392626290908,0.452005762200407,0.53133909397774,0.455048730316552,0.462343173029197,0.490596260084909,0.47119922790658,0.594453077440156,0,0.4406919141565,0.307392494961496,0.450408667832981,0.429991907617472,0.43502488139284,0.503124972420166,0.512905394834012,0.464827853408324,0.451568012806658,0.424550755451978,0.394315564997712,0.522734375008261,0.512947657101016,0.527890459270205,0.405388681033958,0.524275153917886,0.480714315024144,0.645204475173171,0.692734872387416,0.611345386184879,0.736468081972225,0.668923823585189,0.623613251604066,0.560678345550945,0.551534464383099,0.686276158415605,0.682668098353089,0.554654553551376,0.547753232458047,0.549805568552019,0.461865450762233,0.671520298439537,0.554905347279606,0.53744284742851,0.524106841006875,0.450953116338711,0.59137400282664,0.517777795884624,0.485955009414314,0.572586949480194,0.435758854192583,0.409026277959394,0.42800250835896,0.487571186527669,0.386052667661198,0.504781024906616,0.477808288346648,0.446953526345637,0.547815606451554
"D29684_17-AV817",0.41946687167419,0.416691042784069,0.542508316295477,0.43125461434008,0.428906318600069,0.479562477616846,0.500998897069369,0.409319817463478,0.446467785497508,0.401910801459808,0.447676330778823,0.531916669678375,0.4406919141565,0,0.429996112242055,0.45231607563419,0.495653748443005,0.509128290966502,0.511865611203347,0.547430708394479,0.509352181090613,0.506742952591867,0.509768038540012,0.480198100712257,0.47180790217735,0.465571721575625,0.462400855888529,0.463095334688666,0.473580516826671,0.469862942815254,0.584574880996098,0.617470279277696,0.512696810027199,0.678971766262145,0.596899902810755,0.537675934774344,0.482785754007232,0.561056330516258,0.659149088761445,0.612237130327725,0.465085764235727,0.455079914648993,0.447164353877558,0.440581225285225,0.589047443710793,0.446362247062002,0.450230927986765,0.42420421282981,0.423868699855515,0.53808168964071,0.497308549749209,0.406952814157838,0.463995483607997,0.492492156469486,0.473716331409738,0.482910267820385,0.485538667268892,0.438224560680913,0.515261055114407,0.489535743086525,0.476313323974453,0.523623602971757
"D29685_18-AV863",0.465367597825928,0.432646370826044,0.520649450930762,0.495124896607566,0.430254163828926,0.459186625851599,0.503844310667473,0.427896328811344,0.461054844485762,0.457682156817912,0.470998099981027,0.599047034061327,0.307392494961496,0.429996112242055,0,0.417064239843398,0.407049707482752,0.403860449866928,0.479425825012737,0.505508456128591,0.422918146237421,0.447900444067829,0.386271877888134,0.392759330070082,0.536279751804316,0.503050791520563,0.50610316132315,0.396917881073284,0.502075106143053,0.452538187391124,0.621935715995809,0.674859505534768,0.588144314314153,0.733871278386624,0.663967558297221,0.589124693746471,0.515334426097437,0.552350716437927,0.697125745619169,0.671336802764961,0.544317311960116,0.554609313368692,0.53643259831312,0.499298362801086,0.667314705893749,0.549892647652246,0.542063477623283,0.508581961310528,0.472097357079296,0.583378362121893,0.498423780574479,0.457784497512635,0.555393671726103,0.404816041551251,0.397810059913099,0.424834088923308,0.445152239473286,0.355227846231107,0.450772888506843,0.441048631197524,0.412741409477367,0.537020667041479
"D29686_19-AV864",0.468642592720662,0.499085881087884,0.576165559103358,0.448630800199673,0.492546541594363,0.54265159505961,0.503949651069614,0.380752340414354,0.406883023847694,0.43462368846852,0.464980272748056,0.505086916636488,0.450408667832981,0.45231607563419,0.417064239843398,0,0.470130132731407,0.440958689263098,0.464843897135594,0.460195247949802,0.447506365399277,0.506209613098995,0.479445399640218,0.421491086448234,0.446158022966202,0.441228201988758,0.453623205529588,0.433964070721673,0.473847729685097,0.456801864556945,0.595526985324374,0.647173135861272,0.55492321040395,0.662209619675717,0.606555300358374,0.510471398756434,0.480150108861317,0.572684908763526,0.669605777436816,0.593383968957394,0.454554496041821,0.481641168967308,0.475111581293449,0.496447924862233,0.582418693806603,0.461829366061459,0.472705882408735,0.450446752424172,0.482151891572464,0.523471162438754,0.449741311525304,0.447214695700242,0.445986180759235,0.491341978058969,0.491303447402924,0.43018850577249,0.359242616097019,0.314236584337704,0.447403032565848,0.428914746045413,0.451498880158384,0.47318739773027
"D29691_24-AV580",0.532497484109444,0.503181499299171,0.552008331941891,0.535935524306223,0.479556582798723,0.45158211678634,0.510913168957283,0.442012746158232,0.485216136639966,0.457936721093488,0.444434960111203,0.590230786589287,0.429991907617472,0.495653748443005,0.407049707482752,0.470130132731407,0,0.421970795020936,0.402596877121438,0.434076317953925,0.380796920939609,0.386714488241493,0.334570249992093,0.338151201609413,0.471955608182256,0.449650350273849,0.474732754028253,0.345965560998567,0.469269740402121,0.430612734981912,0.617908968803842,0.687946302928821,0.580159472786229,0.722377455316536,0.631956397899609,0.575935213866635,0.519657485289987,0.525812520566411,0.70087820337818,0.680149704413166,0.507555920389474,0.567074745767309,0.519930003634331,0.529204091609319,0.670996643032335,0.510923959911799,0.549572233299069,0.497092788766128,0.481249115948771,0.572418392250542,0.431851078909522,0.411785923547857,0.520830875256173,0.298906782004999,0.403055441364536,0.43926474057087,0.51227947983097,0.420992235586485,0.42780851294012,0.409974567500311,0.365629476977751,0.494433641718361
"D29692_25-AV608",0.50680748843198,0.4953325167449,0.532555868110382,0.507130664291388,0.479932389065141,0.494899873632074,0.521236431809953,0.45025815559484,0.45691604209944,0.463248686825818,0.467480705711372,0.57782801582936,0.43502488139284,0.509128290966502,0.403860449866928,0.440958689263098,0.421970795020936,0,0.446912475041069,0.460173018883873,0.378511214383626,0.416464408730376,0.376799694593045,0.359306242752223,0.513855308810744,0.484743377909045,0.507685458631656,0.394905647877006,0.497249296021945,0.438792236930359,0.647201200461149,0.684805514890195,0.598579522207075,0.703013578846232,0.632347689125644,0.585847631473753,0.519855787552379,0.522693440861177,0.712325223335933,0.666298307365779,0.546898163932443,0.563761269560586,0.553426819713599,0.498702463240348,0.65934931003306,0.545745226255,0.54574002891278,0.533649424888219,0.466512502897479,0.578544160196942,0.466207712915792,0.455961199718294,0.540174352354326,0.417831171358748,0.458847760013988,0.399692838748787,0.448223261123646,0.392920307323354,0.309400194505477,0.355772407282122,0.318424729166109,0.490593939015537
"D29699_32-AV572",0.531542193586891,0.518731524813741,0.587641155067634,0.457875035359249,0.503578839137204,0.536804718182694,0.508658580007539,0.428729754379669,0.39037183833135,0.410838582435087,0.418619212306153,0.467129665951875,0.503124972420166,0.511865611203347,0.479425825012737,0.464843897135594,0.402596877121438,0.446912475041069,0,0.331786144775212,0.350618323305593,0.375464322847724,0.407458048950787,0.366282571297929,0.350267794842747,0.339748260475551,0.38212339850423,0.339798370970023,0.343420966490286,0.298408588705478,0.568783863494875,0.647165568489232,0.547372876484883,0.608489512353107,0.519443515404657,0.448563219465113,0.438848440868813,0.523512617257077,0.660639474117862,0.562597750989741,0.390890714495391,0.438743372612651,0.434442840486193,0.49626958172094,0.557446407772235,0.422407508314145,0.439840678303449,0.428033904838767,0.476649171322881,0.488971721592796,0.299455141122209,0.341301131298854,0.417203472974432,0.417102300853515,0.424356442839524,0.3571293259015,0.449050859063564,0.454770469276868,0.389282061883968,0.372838320599054,0.340082391440291,0.382686164891332
"D29700_33-AV586",0.546229150616415,0.556973617879375,0.620324878655588,0.470143221476955,0.5379103611184,0.571157520731508,0.542025286996969,0.454776291003233,0.431469746996944,0.433525869812273,0.417592965662934,0.465750022076014,0.512905394834012,0.547430708394479,0.505508456128591,0.460195247949802,0.434076317953925,0.460173018883873,0.331786144775212,0,0.327974022043763,0.389005692504261,0.389247538039107,0.356472796375871,0.3773175427833,0.358326284528501,0.392767573172185,0.378195583565254,0.403851155844674,0.394839708370924,0.598894492384494,0.651114683766772,0.552954827124339,0.587531409206678,0.531357797918056,0.477806278262861,0.49186996479004,0.527406235089444,0.670657131725567,0.564955116065676,0.414241552116753,0.446444428469188,0.44214184433437,0.520436018395566,0.553710494148253,0.445701658032743,0.452144464172053,0.426186517714542,0.501985399597816,0.480144731947868,0.345774464266967,0.388104826836715,0.470976217267435,0.454143700874989,0.463427970200438,0.394448174103993,0.447804062127855,0.454050313130412,0.403001793244276,0.369969157570273,0.363746055832505,0.373702079876166
"D29701_34-AV589",0.524657649437915,0.522780344564329,0.588394884865879,0.463733314774113,0.500043271651855,0.5390900397015,0.522997605034315,0.411891345796867,0.428507685804259,0.420897767563354,0.398482239636742,0.511889139486116,0.464827853408324,0.509352181090613,0.422918146237421,0.447506365399277,0.380796920939609,0.378511214383626,0.350618323305593,0.327974022043763,0,0.319283465067712,0.315183182417333,0.294457858635352,0.433886214276703,0.3737855582799,0.401025751557762,0.348756554483616,0.41835410985988,0.361272798935645,0.59909051137461,0.657262816720924,0.555141488032228,0.654764502105302,0.559306921172853,0.518504573511558,0.486762109712568,0.520116042075006,0.669120886988647,0.613601993213051,0.446108570520145,0.483777470152955,0.46490901331864,0.475478914499844,0.60228778562022,0.466409440920087,0.473275977712517,0.44278596737915,0.441556836961686,0.497251191443792,0.365061172936846,0.355344454247208,0.477358079043649,0.415250138312034,0.422711828736396,0.364370196249651,0.437665675656172,0.38624132069587,0.362912755442864,0.323388924596619,0.328990340387647,0.409984882348385
"D29702_35-AV590",0.522096275705897,0.484617737719981,0.526751610453562,0.455882902080994,0.473302081120078,0.52853588648929,0.559699670533421,0.428881076043654,0.404327987776698,0.40943230024093,0.391564645466078,0.52289868525677,0.451568012806658,0.506742952591867,0.447900444067829,0.506209613098995,0.386714488241493,0.416464408730376,0.375464322847724,0.389005692504261,0.319283465067712,0,0.368942623599126,0.336715642826343,0.44848909401768,0.385830710367535,0.421694434270878,0.314441313122046,0.398411694254324,0.360611688609918,0.591135627086676,0.652357044833028,0.538759253651542,0.669924385038173,0.575390060622268,0.53408803105475,0.475083895330008,0.506980906697881,0.649850768956626,0.621421062162536,0.480218595131661,0.528202874340563,0.47204881682699,0.466408820493163,0.607174817607288,0.480493953164426,0.510131086060972,0.456970204593197,0.45643123737193,0.513300064292058,0.379261271226178,0.338663273697299,0.472561157909998,0.388072039253986,0.377063232842547,0.348962619743365,0.432811237128542,0.444102598035839,0.416140790326202,0.370175846937217,0.318160743345607,0.439471721493776
"D29703_36-AV591",0.521559445647153,0.496794692884053,0.579305988179286,0.519577571205159,0.486935024495187,0.484794294423495,0.514668120038302,0.434063583703685,0.45571929463905,0.454515233809733,0.454140160239416,0.584543633757876,0.424550755451978,0.509768038540012,0.386271877888134,0.479445399640218,0.334570249992093,0.376799694593045,0.407458048950787,0.389247538039107,0.315183182417333,0.368942623599126,0,0.29698686388914,0.474567891927621,0.446121125606822,0.493143595653224,0.353159343308051,0.47678054121323,0.415154596504265,0.616200438388175,0.67127736770058,0.577374943807882,0.715169135641615,0.628572331726477,0.57890278125343,0.523881438995606,0.538234153813174,0.695267287230432,0.655571398384544,0.498438576038562,0.539641480499503,0.51061478977388,0.505447907146095,0.651903958150974,0.51079669669857,0.524995918944416,0.485225592321169,0.458485408004638,0.568217335432355,0.436934087470088,0.397111356516601,0.516010549055397,0.351941029118349,0.390829819728925,0.416527790438261,0.478709539953641,0.378901280441851,0.407742247911985,0.397668082511778,0.330915884670787,0.503722980465259
"D29704_37-AV598",0.492030429976821,0.489118503228608,0.57688107594546,0.467621105750904,0.453118214041913,0.519639066829297,0.46273898338027,0.391196894952835,0.411381867626033,0.405604226242457,0.390041964001903,0.508577117879558,0.394315564997712,0.480198100712257,0.392759330070082,0.421491086448234,0.338151201609413,0.359306242752223,0.366282571297929,0.356472796375871,0.294457858635352,0.336715642826343,0.29698686388914,0,0.422051368875234,0.388776464656451,0.408919800705339,0.301667313789526,0.403583482949526,0.362326137126095,0.608872551679998,0.667349711986218,0.563599081000391,0.670432142999305,0.575074900424803,0.534980706491708,0.495020122881455,0.514661126640567,0.672347632391971,0.624890660214508,0.455162575159466,0.498374221984393,0.458210407510166,0.465913076059081,0.608919344198429,0.444057357376211,0.472125769591855,0.43921360698247,0.43306257422145,0.521904574641162,0.389557242285071,0.371444760780172,0.467015336406373,0.37362741633292,0.411664644866922,0.393105064310691,0.41850294471278,0.357959527269632,0.336357515673887,0.34132372283442,0.317912865183562,0.432403606001427
"D29707_40-AV521",0.492390159037381,0.512226585685773,0.61108825660134,0.442979364201385,0.511203730821495,0.576829906848102,0.491514011807553,0.394065956029795,0.367606284288998,0.398262042528634,0.393013263238568,0.360524612687188,0.522734375008261,0.47180790217735,0.536279751804316,0.446158022966202,0.471955608182256,0.513855308810744,0.350267794842747,0.3773175427833,0.433886214276703,0.44848909401768,0.474567891927621,0.422051368875234,0,0.301179422562349,0.345149640682274,0.392947238933769,0.323919949484228,0.368545387461968,0.537707927622766,0.608427314824985,0.522691880146749,0.554974018578401,0.459895432070154,0.414388739971949,0.436815313758917,0.542787900320628,0.63979716154647,0.484385804635609,0.33300428599765,0.359067027696151,0.370000953833786,0.461964596358834,0.467035577705227,0.345461545643074,0.360123697480151,0.367001722916323,0.469355237310593,0.451999387432317,0.324942121993048,0.361602824665884,0.393247009506571,0.496945472957287,0.478626360873545,0.404483928969962,0.416391246296413,0.46682583065674,0.427082680928067,0.385833167330067,0.417630629630936,0.369967721855707
"D29708_41-AV527",0.452744184201006,0.472857201385377,0.553985755867246,0.402439521016223,0.455228995960735,0.550830909860461,0.475511208432508,0.357283613190257,0.319110034861046,0.353391621995163,0.354240084883614,0.365133671822271,0.512947657101016,0.465571721575625,0.503050791520563,0.441228201988758,0.449650350273849,0.484743377909045,0.339748260475551,0.358326284528501,0.3737855582799,0.385830710367535,0.446121125606822,0.388776464656451,0.301179422562349,0,0.315284209084283,0.344710312197399,0.28192107618727,0.32359903399558,0.502480526349758,0.591817697565303,0.471293280542414,0.542442605852232,0.441796879404098,0.381631180705454,0.409019817388331,0.49165167489342,0.590442646102296,0.484785422957856,0.346380121497975,0.359990715906944,0.346399149224726,0.420503808188288,0.472306344516075,0.328883258327769,0.345433718078801,0.363468240835411,0.420071556370809,0.385304907504687,0.290088200582512,0.317718999110827,0.401519285847928,0.45938688457391,0.46218120136835,0.356145551950539,0.400310906740163,0.434340816421335,0.413589338761257,0.365983974279833,0.385118712750351,0.350208493698851
"D29709_42-AV541",0.476684896131855,0.490771431222162,0.567078967848231,0.351933155238041,0.487781957515743,0.582683108061645,0.516388431178915,0.406333298107417,0.336138478076625,0.33831131981347,0.34168071943651,0.352427224254459,0.527890459270205,0.462400855888529,0.50610316132315,0.453623205529588,0.474732754028253,0.507685458631656,0.38212339850423,0.392767573172185,0.401025751557762,0.421694434270878,0.493143595653224,0.408919800705339,0.345149640682274,0.315284209084283,0,0.378388846629488,0.29170793142928,0.356296904522955,0.533263200525308,0.603408452659008,0.489253728024517,0.540021278509773,0.425771365635196,0.375026507122837,0.395845888388702,0.524109045270107,0.605128167274925,0.466951261243836,0.343315933212812,0.393740546261716,0.32426189968878,0.44632089768824,0.445269058825483,0.324911814890506,0.384406075170963,0.334139970263759,0.450805939644358,0.382917530627872,0.374450248127936,0.353426177061911,0.397376977737902,0.498930637541955,0.466648504033561,0.392322639300085,0.41130312677392,0.470074730829262,0.430227314760775,0.38148462143774,0.399360151905117,0.360436427592374
"D29710_43-AV542",0.469840516043815,0.448715185654065,0.532526651217978,0.435064610912698,0.449844381132551,0.470525365788127,0.482704039273235,0.382740220763132,0.354152439097368,0.362517882301521,0.336266780853191,0.506382038311243,0.405388681033958,0.463095334688666,0.396917881073284,0.433964070721673,0.345965560998567,0.394905647877006,0.339798370970023,0.378195583565254,0.348756554483616,0.314441313122046,0.353159343308051,0.301667313789526,0.392947238933769,0.344710312197399,0.378388846629488,0,0.351454381869444,0.298794318524947,0.571043661600922,0.640345610270677,0.536207444415957,0.662471679902376,0.561534403363741,0.511293397646661,0.449214693446693,0.503969555886898,0.662810058643187,0.614779465611933,0.43205751870445,0.470373060941013,0.424108370356876,0.430745256986011,0.604531070300933,0.437106091165265,0.453962515287227,0.408833533388001,0.403180613678251,0.497489770268039,0.354456774880226,0.323732062594515,0.431285719303615,0.345644736161967,0.351146704388063,0.318239373619257,0.420936402828881,0.382155803954738,0.378051661567576,0.359137662222988,0.293799192178023,0.434105783399621
"D29711_44-AV543",0.462544227892298,0.485081484043053,0.5525826786203,0.392724545377635,0.457926530076407,0.545158518110663,0.500679918864139,0.395433535412183,0.331202767316688,0.360632933122618,0.372272895940307,0.391870553926802,0.524275153917886,0.473580516826671,0.502075106143053,0.473847729685097,0.469269740402121,0.497249296021945,0.343420966490286,0.403851155844674,0.41835410985988,0.398411694254324,0.47678054121323,0.403583482949526,0.323919949484228,0.28192107618727,0.29170793142928,0.351454381869444,0,0.318939568434439,0.490932437111407,0.581074910460487,0.466529548434792,0.534087135838082,0.430138745972744,0.347772779132901,0.342972695179441,0.479086626862562,0.561528405176868,0.483831694344739,0.354803049199037,0.385679847366726,0.357363021901574,0.421525789966422,0.463973308183809,0.333892940005288,0.369918556738728,0.368088280371129,0.436835058721696,0.403259792767051,0.358978361485092,0.339381788369539,0.421122651996871,0.470774572209033,0.448172090598074,0.368906612652408,0.437515420786093,0.486702641991137,0.43636907521001,0.409555964683243,0.395887405156887,0.399256118607539
"D29712_45-AV571",0.488531461805951,0.48732436697371,0.55854790778402,0.422881578139376,0.469874218352256,0.524426777955197,0.498084648796638,0.376391252966803,0.356701282195149,0.355005591043176,0.361524173759363,0.459634345351401,0.480714315024144,0.469862942815254,0.452538187391124,0.456801864556945,0.430612734981912,0.438792236930359,0.298408588705478,0.394839708370924,0.361272798935645,0.360611688609918,0.415154596504265,0.362326137126095,0.368545387461968,0.32359903399558,0.356296904522955,0.298794318524947,0.318939568434439,0,0.525671033032922,0.616086681426647,0.508638098115728,0.611148449592161,0.498104598945475,0.435066422273966,0.398887246280718,0.507375857160873,0.643844755718063,0.560944789200367,0.405914814200276,0.452010051385449,0.394707933161304,0.447299784382794,0.548181833098185,0.407551745743382,0.435982270332676,0.379448957538282,0.434031879596853,0.459710028682875,0.320901861590946,0.304890202961786,0.418697986748774,0.415162200376745,0.396772640860296,0.323760548722923,0.40969072621843,0.427358774083949,0.376779777755671,0.348249093191952,0.31868489706329,0.398970690688742
"D29715_48-AV551T",0.576375511726436,0.583064843977356,0.621778495002825,0.545060965923994,0.587002400183755,0.656777855307306,0.605681528551836,0.547546139156499,0.530741244368037,0.534771487658756,0.542251255863983,0.541052426693103,0.645204475173171,0.584574880996098,0.621935715995809,0.595526985324374,0.617908968803842,0.647201200461149,0.568783863494875,0.598894492384494,0.59909051137461,0.591135627086676,0.616200438388175,0.608872551679998,0.537707927622766,0.502480526349758,0.533263200525308,0.571043661600922,0.490932437111407,0.525671033032922,0,0.484830022106169,0.45841136580139,0.572052519220024,0.523369916998694,0.489469952360102,0.500195212243795,0.555604504730612,0.502584405998554,0.53918228630494,0.550276814222519,0.547583386638828,0.53912940927807,0.529792144796549,0.543803378744541,0.51493655320743,0.511841881161118,0.55660384255363,0.557189462680463,0.493964363231321,0.542863911292716,0.52608426427047,0.566540688868815,0.620057818016688,0.572374696087309,0.548458743430514,0.581099544455202,0.590983816090296,0.616166531939504,0.584414636572736,0.591193765819407,0.5415413722562
"D29716_49-AV555T",0.642689314721887,0.63272931475433,0.64391015421647,0.594671218609656,0.626098336505471,0.695503042349347,0.645838952257059,0.626851325748818,0.589743325280573,0.574336785204581,0.595320118230745,0.572959670101343,0.692734872387416,0.617470279277696,0.674859505534768,0.647173135861272,0.687946302928821,0.684805514890195,0.647165568489232,0.651114683766772,0.657262816720924,0.652357044833028,0.67127736770058,0.667349711986218,0.608427314824985,0.591817697565303,0.603408452659008,0.640345610270677,0.581074910460487,0.616086681426647,0.484830022106169,0,0.321219591523346,0.588558953909492,0.577793893035028,0.588280659644081,0.590687183796163,0.607059516675768,0.571234008378967,0.516695942232902,0.624666587166681,0.631412778017315,0.591061223304553,0.620334595173075,0.503145571221774,0.585736180853893,0.604760661249956,0.584392402798243,0.631338990591616,0.511899021495531,0.633550825503793,0.576851055382656,0.613270585513486,0.685893911496399,0.665653171098111,0.618128275083847,0.601603305622963,0.653860946453147,0.628136631233549,0.605203036935777,0.618696242347678,0.590685469750035
"D29717_50-AV555TA",0.549946381900999,0.544644793257436,0.571202303147426,0.489043228839567,0.546120260961235,0.611215230692601,0.601406264000933,0.519046742839676,0.48281599424737,0.479691548035925,0.484638241212031,0.503918499073463,0.611345386184879,0.512696810027199,0.588144314314153,0.55492321040395,0.580159472786229,0.598579522207075,0.547372876484883,0.552954827124339,0.555141488032228,0.538759253651542,0.577374943807882,0.563599081000391,0.522691880146749,0.471293280542414,0.489253728024517,0.536207444415957,0.466529548434792,0.508638098115728,0.45841136580139,0.321219591523346,0,0.541975192122024,0.49313971946747,0.491307664763762,0.484169425284044,0.505949816876444,0.542596269408352,0.485559694645945,0.51841014361325,0.539736836515562,0.480259551372809,0.524905892047727,0.470289994914269,0.482651168120322,0.51513110786474,0.473615566193734,0.524644128364765,0.44819864918418,0.521711865085756,0.458943857100467,0.50218887384767,0.588018728354167,0.573462438976959,0.51643834813238,0.524389721941922,0.55660094312347,0.55330986632913,0.516275717301109,0.518237652561305,0.506141477048226
"D29718_51-AV612T",0.658443298829169,0.676666232082967,0.684657609420022,0.55788173061966,0.646911163861082,0.729686775738609,0.663417799208199,0.63808866644083,0.582704799852222,0.598624369820234,0.588734055866933,0.489889019724129,0.736468081972225,0.678971766262145,0.733871278386624,0.662209619675717,0.722377455316536,0.703013578846232,0.608489512353107,0.587531409206678,0.654764502105302,0.669924385038173,0.715169135641615,0.670432142999305,0.554974018578401,0.542442605852232,0.540021278509773,0.662471679902376,0.534087135838082,0.611148449592161,0.572052519220024,0.588558953909492,0.541975192122024,0,0.281330466582789,0.456159590229246,0.575818483807677,0.600499848528449,0.54605052210419,0.408514038527363,0.521805168130155,0.543204193023487,0.517601969261042,0.614267300123949,0.396257400272273,0.508628447343863,0.541694725878812,0.558270271175992,0.648259697627908,0.45338051846982,0.5943416661133,0.616287417044467,0.616783290428255,0.722685100197127,0.707623735569821,0.618881930431614,0.614452703053795,0.683430112831383,0.630694942650529,0.617225475936133,0.640579936527142,0.53581757857385
